..22-

33333 33 3333333 Ἧ33ω33333 33
, ἓξῑῗ 3323&me 33333Μ33ἷξέ33ἰ3ῗ3ν
3333 3333 33 3333 33 33ω Ν
3333 3333 3333 ·;33333 33
333 3333 333 333333 ἒ3333333 3
33· 33 333· 3333 33 3333
’333 33333 33333 333 333 33

333333 3333 3333ῑ 33

-—--——-

IV.

5255 3333 3 3333 3333 333333
333 333333 : 33 33 33· 33333
333 333 ,333 ··33333 33333
333 3 333 33 3333 33333 3333 κ
33 3 33 33 ἢ333 33333 333333
333 33 333· 333333 333 33333
3333 333 33333 33 333333 33
·33 3333 333373 333 v 3333 333
·3 3333 3333 ··3333 333 33 33
33333 333 3333 333333 333
3 3333 3333 3333 333333
3333 333 3333 333 33333 3333333
333 3333 333333 33 333 3333
3333333333 3333 3333 3333 3333 ·

a) Al.·5m5m b)Al.·55555]·]5 “mm c) Al. 52515155
d) Al. 33333333

 

