4-8--

7777 77777- 7777 77777 7777
ε777 77777 777 7777 777777 777
7777777· 777 777 777 777 77 16.
77777 77 7 7777777 77777 777 7777
77777 7777 77777777 ,7ξὲ77

’7777 7777 777 777 77777 77.

· 77777777 777777 77 77777 7777
77777 ·.777777 7 7 7777 77 77777
77777 777777 77 7 7777 ·;77777 77777
777777 77 77777 77777 77777777 18.
’77777 77777 7777 19. 777 777 777
777 77777 777 777777 77 ’777
77777 77 777 ,777 777777 7777
’77 ’7777 ’7777 7ο. 7777 ’7777
:am 77 77 777 777 777 777 7777
777777 7 77777 77777 7777 21.

-· .<·Ὶ7777777 777 7777777

777 7777 77 777 77777 7777 77.
·77 ·;7777 mm 777 77777 7777 7777
777777 77777 7 77 77777 777 77777
77777 777777 77 77777 777 7777777
77 77777 777 77777 7777
77· 77 74η 777 77 77 77777
ἐζητ 77 77777 7777777777
· 77777777 777 77777 7777 7777777
7777777· 77777777777777

 

