1-9-‡

55555 IV.

, ‘555 5··555 5 555 555551.
55 5 ·:55555 55 55 55555 55555
· 5 55555 5555552. :5555 55 555
· 55 555 555 5555 :555 55 5555
55555 5553 :5555 ω ··555 555
55555 w 5 555 55 55 5 555
555 55555555 45² {5553}
5555. 5:5555 555 55 555
5555155555 55 5 55 5·55 55
5555 6. :5555 5555 5555 5555
5555 55 5555 555 :5555 555
5555 5555 55 ‘.5557 :5555 555
555 5555 5555 5555 55 55
.: 55 5555 5551555555 55555
⁴555 5555 55 55 555 ·.55555
· 55 5555 ··5555 55555 5555 :5555
5:55555 5555 555 55
:5555 555 555‘ 555 5555 55559
:555 555 5555 5555 55 5555
5555 55 55 :5555 55 555510
555 55551115555555 55 555
555 55 55 32 55555 55 555
555121555 5 5555 55 55 5555
55 5555 5555 55 55555 55 5555
555513. :·55555 555 5555 5555 55
5514 :55555 5 5555 :55555 55
55555 555 ··555 5555 555 5555

 

